H : [[-1.51066729  0.          0.55793691  0.43471035  0.          0.
   0.          0.          0.          0.          0.          0.
   0.          0.          0.          0.          0.          0.
   0.          0.          0.          0.        ]
 [ 0.         -1.82053372  0.65051425  0.48814192  0.          0.
   0.          0.          0.          0.          0.          0.
   0.          0.          0.          0.          0.          0.
   0.          0.          0.          0.        ]
 [ 0.55793691  0.65051425 -1.27775924  0.         -0.08721355 -0.08047733
   0.          0.          0.          0.          0.          0.
   0.          0.          0.          0.          0.          0.
   0.          0.          0.          0.        ]
 [ 0.43471035  0.48814192  0.         -1.106823   -0.09014505 -0.08340883
   0.          0.          0.          0.          0.          0.
   0.          0.          0.          0.          0.          0.
   0.          0.          0.          0.        ]
 [ 0.          0.         -0.08721355 -0.09014505 -0.48799533  0.
   0.11730917  0.11178903  0.          0.          0.          0.
   0.          0.          0.          0.          0.          0.
   0.          0.          0.          0.        ]
 [ 0.          0.         -0.08047733 -0.08340883  0.         -0.56507523
   0.1513319   0.14571257  0.          0.          0.          0.
   0.          0.          0.          0.          0.          0.
   0.          0.          0.          0.        ]
 [ 0.          0.          0.          0.          0.11730917  0.1513319
  -2.60852383  0.          0.93956101  0.9267956   0.          0.
   0.          0.          0.          0.          0.          0.
   0.          0.          0.          0.        ]
 [ 0.          0.          0.          0.          0.11178903  0.14571257
   0.         -2.49876574  0.9385649   0.92579949  0.          0.
   0.          0.          0.          0.          0.          0.
   0.          0.          0.          0.        ]
 [ 0.          0.          0.          0.          0.          0.
   0.93956101  0.9385649  -9.97263432  0.          2.9681859   3.08548832
   0.          0.          0.          0.          0.          0.
   0.          0.          0.          0.        ]
 [ 0.          0.          0.          0.          0.          0.
   0.9267956   0.92579949  0.         -9.81385899  2.88819695  3.014431
   0.          0.          0.          0.          0.          0.
   0.          0.          0.          0.        ]
 [ 0.          0.          0.          0.          0.          0.
   0.          0.          2.9681859   2.88819695 -7.88613278  0.
   0.75525475  0.65244949  0.          0.          0.          0.
   0.          0.          0.          0.        ]
 [ 0.          0.          0.          0.          0.          0.
   0.          0.          3.08548832  3.014431    0.         -7.0478622
   0.15005343  0.04538827  0.          0.          0.          0.
   0.          0.          0.          0.        ]
 [ 0.          0.          0.          0.          0.          0.
   0.          0.          0.          0.          0.75525475  0.15005343
  -8.39573996  0.          2.25216436  2.3547802   0.          0.
   0.          0.          0.          0.        ]
 [ 0.          0.          0.          0.          0.          0.
   0.          0.          0.          0.          0.65244949  0.04538827
   0.         -4.76518176  1.1753602   2.14888334  0.          0.
   0.          0.          0.          0.        ]
 [ 0.          0.          0.          0.          0.          0.
   0.          0.          0.          0.          0.          0.
   2.25216436  1.1753602  -3.9942013   0.         -0.17342529 -0.03393117
   0.          0.          0.          0.        ]
 [ 0.          0.          0.          0.          0.          0.
   0.          0.          0.          0.          0.          0.
   2.3547802   2.14888334  0.         -5.68624052  0.51130176  0.04613522
   0.          0.          0.          0.        ]
 [ 0.          0.          0.          0.          0.          0.
   0.          0.          0.          0.          0.          0.
   0.          0.         -0.17342529  0.51130176 -2.56404284  0.
   0.51033366  0.51139939  0.          0.        ]
 [ 0.          0.          0.          0.          0.          0.
   0.          0.          0.          0.          0.          0.
   0.          0.         -0.03393117  0.04613522  0.         -0.95177598
   0.01097672  0.01204243  0.          0.        ]
 [ 0.          0.          0.          0.          0.          0.
   0.          0.          0.          0.          0.          0.
   0.          0.          0.          0.          0.51033366  0.01097672
  -1.95798181  0.          0.3612771   0.26842719]
 [ 0.          0.          0.          0.          0.          0.
   0.          0.          0.          0.          0.          0.
   0.          0.          0.          0.          0.51139939  0.01204243
   0.         -2.38958713  0.53803229  0.46837366]
 [ 0.          0.          0.          0.          0.          0.
   0.          0.          0.          0.          0.          0.
   0.          0.          0.          0.          0.          0.
   0.3612771   0.53803229 -1.36990803  0.        ]
 [ 0.          0.          0.          0.          0.          0.
   0.          0.          0.          0.          0.          0.
   0.          0.          0.          0.          0.          0.
   0.26842719  0.46837366  0.         -1.25667191]] 


The result of the noisy quantum optimisation using QAOA is: 
'best measurement' {'state': 2512281, 'bitstring': '1001100101010110011001', 'value': (-9.387513503432274+0j), 'probability': 0.001}Optimal parameters: {ParameterVectorElement(β[0]): 0.0078125, ParameterVectorElement(γ[0]): 1.0}'The ground state energy with noisy QAOA is: ' 39.97194790840149Aer Simulator run time: 222.64215397834778 seconds