H : [[-1.63337445  0.          0.4019652   0.46984047  0.          0.
   0.          0.          0.          0.          0.          0.
   0.          0.          0.        ]
 [ 0.         -1.23323426  0.45855755  0.09179601  0.          0.
   0.          0.          0.          0.          0.          0.
   0.          0.          0.        ]
 [ 0.4019652   0.45855755 -2.08225529  0.          0.1504481   0.13888243
   0.          0.          0.          0.          0.          0.
   0.          0.          0.        ]
 [ 0.46984047  0.09179601  0.         -3.95139369  0.43421912  0.50586325
   0.          0.          0.          0.          0.          0.
   0.          0.          0.        ]
 [ 0.          0.          0.1504481   0.43421912 -1.58304244  0.
   0.49297374  0.02936818  0.          0.          0.          0.
   0.          0.          0.        ]
 [ 0.          0.          0.13888243  0.50586325  0.         -1.53072549
   0.03586377 -0.0144262   0.          0.          0.          0.
   0.          0.          0.        ]
 [ 0.          0.          0.          0.          0.49297374  0.03586377
  -1.17803541  0.          0.16113873  0.15108913  0.          0.
   0.          0.          0.        ]
 [ 0.          0.          0.          0.          0.02936818 -0.0144262
   0.         -1.68788978  0.15124695  0.88751006  0.          0.
   0.          0.          0.        ]
 [ 0.          0.          0.          0.          0.          0.
   0.16113873  0.15124695 -3.33106446  0.          1.22263098  1.06128109
   0.          0.          0.        ]
 [ 0.          0.          0.          0.          0.          0.
   0.15108913  0.88751006  0.         -1.69831878 -0.11329032 -0.19538997
   0.          0.          0.        ]
 [ 0.          0.          0.          0.          0.          0.
   0.          0.          1.22263098 -0.11329032 -1.59019257  0.
  -0.13171846 -0.23909047  0.        ]
 [ 0.          0.          0.          0.          0.          0.
   0.          0.          1.06128109 -0.19538997  0.         -0.19929739
  -0.32014653 -0.25488669  0.        ]
 [ 0.          0.          0.          0.          0.          0.
   0.          0.          0.          0.         -0.13171846 -0.32014653
  -0.61402151  0.          0.        ]
 [ 0.          0.          0.          0.          0.          0.
   0.          0.          0.          0.         -0.23909047 -0.25488669
   0.         -0.69284084  0.        ]
 [ 0.          0.          0.          0.          0.          0.
   0.          0.          0.          0.          0.          0.
   0.          0.         -1.04188645]] 


The result of the noisy quantum optimisation using QAOA is: 
'best measurement' {'state': 9356, 'bitstring': '010010010001100', 'value': (-14.100098557770252+0j), 'probability': 0.004}Optimal parameters: {ParameterVectorElement(β[0]): 0.8533380943798176, ParameterVectorElement(γ[0]): 1.0676323602122257}'The ground state energy with noisy QAOA is: ' -14.100098557770252Aer Simulator run time: 8.776835680007935 seconds