H : [[-1.63379472  0.          0.40201399  0.47001299  0.          0.
   0.          0.          0.          0.        ]
 [ 0.         -0.92537689  0.09179093  0.15056513  0.          0.
   0.          0.          0.          0.        ]
 [ 0.40201399  0.09179093 -3.0089113   0.          0.02940603  0.03589129
   0.          0.          0.          0.        ]
 [ 0.47001299  0.15056513  0.         -1.40886742  0.16114044  0.15109749
   0.          0.          0.          0.        ]
 [ 0.          0.          0.02940603  0.16114044 -0.2200312   0.
  -0.11326793 -0.19536532  0.          0.        ]
 [ 0.          0.          0.03589129  0.15109749  0.         -0.26211596
  -0.23915666 -0.32021105  0.          0.        ]
 [ 0.          0.          0.          0.         -0.11326793 -0.23915666
  -5.6300939   0.          2.50988317  2.50420189]
 [ 0.          0.          0.          0.         -0.19536532 -0.32021105
   0.         -4.9017192   2.28518414  2.28038788]
 [ 0.          0.          0.          0.          0.          0.
   2.50988317  2.28518414 -5.86095023  0.        ]
 [ 0.          0.          0.          0.          0.          0.
   2.50420189  2.28038788  0.         -5.97130728]] 


Classical optimisation results.
Ground energy eigsh: -19.619593717157876
Ground state wavefunction eigsh: [-1.00000000e+00  6.67809868e-16 -1.80017207e-16 ...  1.80076840e-18
  1.23055130e-18 -2.29997812e-17]


The result of the quantum optimisation using QAOA is: 
'best measurement' {'state': 358, 'bitstring': '0101100110', 'value': (-3.1839028373360634+0j), 'probability': 0.0158090864050038}
Local Simulation run time: 2.96042799949646 seconds
