H : [[-1.63247886  0.          0.40193275  0.46971303  0.          0.
   0.          0.          0.          0.        ]
 [ 0.         -0.92499456  0.0917147   0.15028192  0.          0.
   0.          0.          0.          0.        ]
 [ 0.40193275  0.0917147  -3.00847891  0.          0.02954692  0.03599427
   0.          0.          0.          0.        ]
 [ 0.46971303  0.15028192  0.         -1.40841164  0.16124399  0.1511889
   0.          0.          0.          0.        ]
 [ 0.          0.          0.02954692  0.16124399 -0.22177664  0.
  -0.11311239 -0.19521691  0.          0.        ]
 [ 0.          0.          0.03599427  0.1511889   0.         -0.26233027
  -0.23918594 -0.32024845  0.          0.        ]
 [ 0.          0.          0.          0.         -0.11311239 -0.23918594
  -5.6344208   0.          2.51191616  2.50625372]
 [ 0.          0.          0.          0.         -0.19521691 -0.32024845
   0.         -4.90592785  2.2870934   2.28231764]
 [ 0.          0.          0.          0.          0.          0.
   2.51191616  2.2870934  -5.86486745  0.        ]
 [ 0.          0.          0.          0.          0.          0.
   2.50625372  2.28231764  0.         -5.97465312]] 


The result of the noisy quantum optimisation using QAOA is: 
'best measurement' {'state': 358, 'bitstring': '0101100110', 'value': (-3.181023135781288+0j), 'probability': 0.024}Optimal parameters: {ParameterVectorElement(β[0]): 0.01171875, ParameterVectorElement(γ[0]): 1.0}'The ground state energy with noisy QAOA is: ' 16.44588327407837Aer Simulator run time: 0.42945194244384766 seconds