H : [[-1.61173436  0.          0.39182517  0.45869428  0.          0.
   0.          0.          0.          0.          0.          0.
   0.          0.        ]
 [ 0.         -0.91346504  0.08842094  0.14607328  0.          0.
   0.          0.          0.          0.          0.          0.
   0.          0.        ]
 [ 0.39182517  0.08842094 -2.80773099  0.         -0.01633926 -0.0654092
   0.          0.          0.          0.          0.          0.
   0.          0.        ]
 [ 0.45869428  0.14607328  0.         -1.50914203  0.23729566  0.19115449
   0.          0.          0.          0.          0.          0.
   0.          0.        ]
 [ 0.          0.         -0.01633926  0.23729566 -0.27585341  0.
  -0.22166926 -0.26928508  0.          0.          0.          0.
   0.          0.        ]
 [ 0.          0.         -0.0654092   0.19115449  0.          0.54323737
  -0.26694912 -0.31460601  0.          0.          0.          0.
   0.          0.        ]
 [ 0.          0.          0.          0.         -0.22166926 -0.26694912
  -6.09490806  0.          3.13379049  2.65084672  0.          0.
   0.          0.        ]
 [ 0.          0.          0.          0.         -0.26928508 -0.31460601
   0.         -4.71564412  2.34819317  2.48859334  0.          0.
   0.          0.        ]
 [ 0.          0.          0.          0.          0.          0.
   3.13379049  2.34819317 -5.84641068  0.          0.13303971  0.134837
   0.          0.        ]
 [ 0.          0.          0.          0.          0.          0.
   2.65084672  2.48859334  0.         -6.22159758  0.04608288  0.04788017
   0.          0.        ]
 [ 0.          0.          0.          0.          0.          0.
   0.          0.          0.13303971  0.04608288 -2.35312152  0.
   0.49678424  0.51321942]
 [ 0.          0.          0.          0.          0.          0.
   0.          0.          0.134837    0.04788017  0.         -2.53089514
   0.51547706  0.53194827]
 [ 0.          0.          0.          0.          0.          0.
   0.          0.          0.          0.          0.49678424  0.51547706
  -1.71219876  0.        ]
 [ 0.          0.          0.          0.          0.          0.
   0.          0.          0.          0.          0.51321942  0.53194827
   0.         -1.7181707 ]] 


The result of the noisy quantum optimisation using QAOA is: 
'best measurement' {'state': 5482, 'bitstring': '01010101101010', 'value': (-5.383782438933849+0j), 'probability': 0.005}Optimal parameters: {ParameterVectorElement(β[0]): -0.033203125, ParameterVectorElement(γ[0]): 1.0}'The ground state energy with noisy QAOA is: ' 18.983954206109047Aer Simulator run time: 2.9266998767852783 seconds