H : [[-0.65702257  0.          0.15144667  0.17799404  0.          0.
   0.          0.          0.          0.          0.          0.
   0.          0.          0.          0.        ]
 [ 0.         -0.69832987  0.08908402  0.11632086  0.          0.
   0.          0.          0.          0.          0.          0.
   0.          0.          0.          0.        ]
 [ 0.15144667  0.08908402 -3.2617627   0.          0.98007536  0.93271387
   0.          0.          0.          0.          0.          0.
   0.          0.          0.          0.        ]
 [ 0.17799404  0.11632086  0.         -2.45859579  0.61622369  0.56362081
   0.          0.          0.          0.          0.          0.
   0.          0.          0.          0.        ]
 [ 0.          0.          0.98007536  0.61622369 -2.46527746  0.
   0.19257459  0.17881596  0.          0.          0.          0.
   0.          0.          0.          0.        ]
 [ 0.          0.          0.93271387  0.56362081  0.         -2.03071439
  -0.03553681 -0.04929545  0.          0.          0.          0.
   0.          0.          0.          0.        ]
 [ 0.          0.          0.          0.          0.19257459 -0.03553681
  -1.09987582  0.          0.21727937  0.31598508  0.          0.
   0.          0.          0.          0.        ]
 [ 0.          0.          0.          0.          0.17881596 -0.04929545
   0.         -1.51876736  0.35659271  0.45703217  0.          0.
   0.          0.          0.          0.        ]
 [ 0.          0.          0.          0.          0.          0.
   0.21727937  0.35659271 -5.45346367  0.          1.13131249  1.14247704
   0.          0.          0.          0.        ]
 [ 0.          0.          0.          0.          0.          0.
   0.31598508  0.45703217  0.         -4.71941391  1.8070972   1.38362455
   0.          0.          0.          0.        ]
 [ 0.          0.          0.          0.          0.          0.
   0.          0.          1.13131249  1.8070972  -3.59533934  0.
   0.16131285  0.11621437  0.          0.        ]
 [ 0.          0.          0.          0.          0.          0.
   0.          0.          1.14247704  1.38362455  0.         -4.98711765
   0.84435534  0.6610564   0.          0.        ]
 [ 0.          0.          0.          0.          0.          0.
   0.          0.          0.          0.          0.16131285  0.84435534
  -2.37921387  0.          0.3301329   0.54815686]
 [ 0.          0.          0.          0.          0.          0.
   0.          0.          0.          0.          0.11621437  0.6610564
   0.         -2.09955785  0.33015263  0.54817659]
 [ 0.          0.          0.          0.          0.          0.
   0.          0.          0.          0.          0.          0.
   0.3301329   0.33015263 -1.38620919  0.        ]
 [ 0.          0.          0.          0.          0.          0.
   0.          0.          0.          0.          0.          0.
   0.54815686  0.54817659  0.         -1.63811684]] 


The result of the noisy quantum optimisation using QAOA is: 
'best measurement' {'state': 38502, 'bitstring': '1001011001100110', 'value': (-3.790147513151169+0j), 'probability': 0.004}Optimal parameters: {ParameterVectorElement(β[0]): 3.140625, ParameterVectorElement(γ[0]): 1.0}'The ground state energy with noisy QAOA is: ' 22.39363458752632Aer Simulator run time: 5.377097845077515 seconds