H : [[-1.08811361  0.         -0.15363674  0.02063059  0.          0.
   0.          0.          0.          0.          0.          0.
   0.          0.          0.          0.          0.          0.
   0.          0.        ]
 [ 0.         -0.44351677 -0.24091935 -0.06645133  0.          0.
   0.          0.          0.          0.          0.          0.
   0.          0.          0.          0.          0.          0.
   0.          0.        ]
 [-0.15363674 -0.24091935 -0.30952791  0.          0.17977229  0.08732288
   0.          0.          0.          0.          0.          0.
   0.          0.          0.          0.          0.          0.
   0.          0.        ]
 [ 0.02063059 -0.06645133  0.         -1.80693784  0.40747863  0.21773469
   0.          0.          0.          0.          0.          0.
   0.          0.          0.          0.          0.          0.
   0.          0.        ]
 [ 0.          0.          0.17977229  0.40747863 -0.96671547  0.
  -0.0972654  -0.07298521  0.          0.          0.          0.
   0.          0.          0.          0.          0.          0.
   0.          0.        ]
 [ 0.          0.          0.08732288  0.21773469  0.         -1.21621209
  -0.10716695 -0.08288675  0.          0.          0.          0.
   0.          0.          0.          0.          0.          0.
   0.          0.        ]
 [ 0.          0.          0.          0.         -0.0972654  -0.10716695
  -1.6074148   0.          0.35816497  0.43663383  0.          0.
   0.          0.          0.          0.          0.          0.
   0.          0.        ]
 [ 0.          0.          0.          0.         -0.07298521 -0.08288675
   0.         -1.23937559  0.17366788  0.28439617  0.          0.
   0.          0.          0.          0.          0.          0.
   0.          0.        ]
 [ 0.          0.          0.          0.          0.          0.
   0.35816497  0.17366788 -4.19271335  0.          0.42832062  0.35137698
   0.          0.          0.          0.          0.          0.
   0.          0.        ]
 [ 0.          0.          0.          0.          0.          0.
   0.43663383  0.28439617  0.         -0.8690455   0.2170012   0.14011893
   0.          0.          0.          0.          0.          0.
   0.          0.        ]
 [ 0.          0.          0.          0.          0.          0.
   0.          0.          0.42832062  0.2170012  -0.47209749  0.
  -0.35336921 -0.34370491  0.          0.          0.          0.
   0.          0.        ]
 [ 0.          0.          0.          0.          0.          0.
   0.          0.          0.35137698  0.14011893  0.          0.11755995
  -0.27307221 -0.26340792  0.          0.          0.          0.
   0.          0.        ]
 [ 0.          0.          0.          0.          0.          0.
   0.          0.          0.          0.         -0.35336921 -0.27307221
  -3.66290814  0.          1.78405261  1.40958607  0.          0.
   0.          0.        ]
 [ 0.          0.          0.          0.          0.          0.
   0.          0.          0.          0.         -0.34370491 -0.26340792
   0.         -3.44257003  1.48667812  1.37379539  0.          0.
   0.          0.        ]
 [ 0.          0.          0.          0.          0.          0.
   0.          0.          0.          0.          0.          0.
   1.78405261  1.48667812 -3.26584268  0.         -0.21903214 -0.28064561
   0.          0.        ]
 [ 0.          0.          0.          0.          0.          0.
   0.          0.          0.          0.          0.          0.
   1.40958607  1.37379539  0.         -5.22481126  1.15447855  0.79097849
   0.          0.        ]
 [ 0.          0.          0.          0.          0.          0.
   0.          0.          0.          0.          0.          0.
   0.          0.         -0.21903214  1.15447855 -5.86519614  0.
   2.37407184  2.24740219]
 [ 0.          0.          0.          0.          0.          0.
   0.          0.          0.          0.          0.          0.
   0.          0.         -0.28064561  0.79097849  0.         -5.33784895
   2.37540889  2.248739  ]
 [ 0.          0.          0.          0.          0.          0.
   0.          0.          0.          0.          0.          0.
   0.          0.          0.          0.          2.37407184  2.37540889
  -6.11446929  0.        ]
 [ 0.          0.          0.          0.          0.          0.
   0.          0.          0.          0.          0.          0.
   0.          0.          0.          0.          2.24740219  2.248739
   0.         -5.71551561]] 


The result of the noisy quantum optimisation using QAOA is: 
'best measurement' {'state': 431461, 'bitstring': '01101001010101100101', 'value': (-69.803347337991+0j), 'probability': 0.001}Optimal parameters: {ParameterVectorElement(β[0]): 1.8403316438161657, ParameterVectorElement(γ[0]): 1.17890293742354}'The ground state energy with noisy QAOA is: ' 24.926658138632774Aer Simulator run time: 109.16181087493896 seconds