H : [[-1.67837974  0.          0.78744197  0.06840417  0.          0.
   0.          0.        ]
 [ 0.         -0.82780563  0.25178498 -0.07348896  0.          0.
   0.          0.        ]
 [ 0.78744197  0.25178498 -2.1113303   0.          0.18195134  0.10844317
   0.          0.        ]
 [ 0.06840417 -0.07348896  0.         -0.43335065  0.0962225   0.02274992
   0.          0.        ]
 [ 0.          0.          0.18195134  0.0962225  -0.45271923  0.
  -0.21042873 -0.2377609 ]
 [ 0.          0.          0.10844317  0.02274992  0.         -0.53097611
   0.04055031  0.01424287]
 [ 0.          0.          0.          0.         -0.21042873  0.04055031
  -0.65981978  0.        ]
 [ 0.          0.          0.          0.         -0.2377609   0.01424287
   0.         -0.77433716]] 
