H : [[-1.63356477  0.          0.40176639  0.46988568  0.          0.
   0.          0.          0.          0.        ]
 [ 0.         -0.92530566  0.09168655  0.15058075  0.          0.
   0.          0.          0.          0.        ]
 [ 0.40176639  0.09168655 -3.00806855  0.          0.02970687  0.03612319
   0.          0.          0.          0.        ]
 [ 0.46988568  0.15058075  0.         -1.4087157   0.16120349  0.15118796
   0.          0.          0.          0.        ]
 [ 0.          0.          0.02970687  0.16120349 -0.22449142  0.
  -0.11304365 -0.19507357  0.          0.        ]
 [ 0.          0.          0.03612319  0.15118796  0.         -0.26292324
  -0.23930815 -0.32029706  0.          0.        ]
 [ 0.          0.          0.          0.         -0.11304365 -0.23930815
  -5.63317172  0.          2.51138473  2.50570989]
 [ 0.          0.          0.          0.         -0.19507357 -0.32029706
   0.         -4.90484229  2.28658581  2.28179741]
 [ 0.          0.          0.          0.          0.          0.
   2.51138473  2.28658581 -5.8638432   0.        ]
 [ 0.          0.          0.          0.          0.          0.
   2.50570989  2.28179741  0.         -5.97395277]] 


The result of the noisy quantum optimisation using QAOA is: 
'best measurement' {'state': 358, 'bitstring': '0101100110', 'value': (-33.1792034804821+0j), 'probability': 0.004}Optimal parameters: {ParameterVectorElement(β[0]): 3.437263923521129, ParameterVectorElement(γ[0]): 0.346525284778081}'The ground state energy with noisy QAOA is: ' 16.44977957010269Aer Simulator run time: 84.31945705413818 seconds