H : [[-0.65765326  0.          0.15169689  0.17827035  0.          0.
   0.          0.          0.          0.          0.          0.
   0.          0.          0.          0.        ]
 [ 0.         -0.6985473   0.08918685  0.11644899  0.          0.
   0.          0.          0.          0.          0.          0.
   0.          0.          0.          0.        ]
 [ 0.15169689  0.08918685 -3.26666621  0.          0.98205471  0.93476939
   0.          0.          0.          0.          0.          0.
   0.          0.          0.          0.        ]
 [ 0.17827035  0.11644899  0.         -2.46360076  0.61800808  0.56541294
   0.          0.          0.          0.          0.          0.
   0.          0.          0.          0.        ]
 [ 0.          0.          0.98205471  0.61800808 -2.46898142  0.
   0.1924677   0.17866664  0.          0.          0.          0.
   0.          0.          0.          0.        ]
 [ 0.          0.          0.93476939  0.56541294  0.         -2.03442676
  -0.03570703 -0.04950812  0.          0.          0.          0.
   0.          0.          0.          0.        ]
 [ 0.          0.          0.          0.          0.1924677  -0.03570703
  -1.10092019  0.          0.21735194  0.31608856  0.          0.
   0.          0.          0.          0.        ]
 [ 0.          0.          0.          0.          0.17866664 -0.04950812
   0.         -1.51904791  0.35684553  0.45732123  0.          0.
   0.          0.          0.          0.        ]
 [ 0.          0.          0.          0.          0.          0.
   0.21735194  0.35684553 -5.45460802  0.          1.13292181  1.14455342
   0.          0.          0.          0.        ]
 [ 0.          0.          0.          0.          0.          0.
   0.31608856  0.45732123  0.         -4.72021717  1.80577493  1.38641429
   0.          0.          0.          0.        ]
 [ 0.          0.          0.          0.          0.          0.
   0.          0.          1.13292181  1.80577493 -3.58660226  0.
   0.1133993   0.15851043  0.          0.        ]
 [ 0.          0.          0.          0.          0.          0.
   0.          0.          1.14455342  1.38641429  0.         -4.99015856
   0.66008246  0.84416807  0.          0.        ]
 [ 0.          0.          0.          0.          0.          0.
   0.          0.          0.          0.          0.1133993   0.66008246
  -2.09517163  0.          0.32995796  0.54551184]
 [ 0.          0.          0.          0.          0.          0.
   0.          0.          0.          0.          0.15851043  0.84416807
   0.         -2.37486424  0.32993507  0.54548901]
 [ 0.          0.          0.          0.          0.          0.
   0.          0.          0.          0.          0.          0.
   0.32995796  0.32993507 -1.38581854  0.        ]
 [ 0.          0.          0.          0.          0.          0.
   0.          0.          0.          0.          0.          0.
   0.54551184  0.54548901  0.         -1.63259232]] 


The retrieved result of the noisy quantum optimisation using QAOAAnsatz is: 
Best measurement: 0101011000100110 with ground state energy -31.430914886295795 and probability 0.00022128498421847403